2.303400733468238735e-11 2.231390724407655339e-11 2.224930045781956368e-11 2.220202235598305320e-11 2.227840126073165950e-11 2.237277748777245794e-11 2.231189200869342439e-11 2.222555721893935476e-11 2.206148894671924754e-11 2.184965389425299602e-11 2.150940530027327762e-11 2.115670285167254238e-11 2.069787882456603349e-11 2.005302240130074261e-11 1.926352524555530098e-11 1.834386759261566628e-11 1.717208260240500578e-11 1.568334319493166600e-11 1.402748068675121163e-11 1.185589702015819269e-11 -2.535802586823743335e-13 -2.321133020956423860e-13 -2.146856269204531626e-13 -2.421954217875094445e-13 -2.364887776900608068e-13 -2.257167627742258429e-13 -2.230105142892008475e-13 -2.157144785074854898e-13 -2.280728878459534554e-13 -2.197364487838008248e-13 -2.211335665142729286e-13 -2.199479702672205215e-13 -2.232846689057899090e-13 -2.235048138699967689e-13 -2.268165018235320912e-13 -2.285099307063288411e-13 -2.286729981383078417e-13 -2.290550080913145756e-13 -2.269087832873419791e-13 -2.241003966509869302e-13 -7.062684609616270053e-12 -6.869434678371880210e-12 -6.849803310444846391e-12 -6.824475907783663817e-12 -6.835599116597319174e-12 -6.853655272658839153e-12 -6.841337849768140607e-12 -6.808283525906710879e-12 -6.754728981921911637e-12 -6.693812579923904477e-12 -6.613911991321609542e-12 -6.538033812092176068e-12 -6.417750628699255248e-12 -6.208483526056001703e-12 -5.960772480161096971e-12 -5.720652512512898545e-12 -5.407875550976696367e-12 -5.070156726546166167e-12 -4.735372890653391317e-12 -4.359233676545016972e-12 2.288237229035726932e-13 2.164084723714244224e-13 2.177505986580612664e-13 1.886303293350658903e-13 1.740809374501512229e-13 1.841521059430962341e-13 1.919260464644462009e-13 1.787989439566658068e-13 1.755902019696126624e-13 1.759130135376970454e-13 1.807268575125302331e-13 1.749990020650176906e-13 1.718963892886298590e-13 1.681588390707109173e-13 1.688343247006907196e-13 1.649122933895096125e-13 1.607180504653413547e-13 1.580770705671421990e-13 1.481394576672414025e-13 1.355853619881675361e-13 -7.349130313723556599e-10 8.412568778227350323e-11
2.231390724407655339e-11 2.294804747352065563e-11 2.238256705666695450e-11 2.236565101919061555e-11 2.243007275901714305e-11 2.251548514689190101e-11 2.246050227161210971e-11 2.238966519648597551e-11 2.223951206162038833e-11 2.204710728477667606e-11 2.171750217978493646e-11 2.137276413712996215e-11 2.091465320249424659e-11 2.025449686107231735e-11 1.947934914488620881e-11 1.856303122100744739e-11 1.737587051935972910e-11 1.585041960447577291e-11 1.413298321961884081e-11 1.189427655674348222e-11 -2.338247164413976319e-13 -2.274238996357099752e-13 -2.141759934305041257e-13 -2.405493640214762606e-13 -2.310108953780424556e-13 -2.244236434120512057e-13 -2.211525879434725099e-13 -2.127497007799406738e-13 -2.252074654252493195e-13 -2.166919197665471959e-13 -2.176317289303968844e-13 -2.176605183027354053e-13 -2.212820177037982750e-13 -2.216800503838999033e-13 -2.245946031678097893e-13 -2.261242548747828310e-13 -2.263037822234394298e-13 -2.259340734384858932e-13 -2.237338023204764027e-13 -2.212133249819530833e-13 -6.850306231435986961e-12 -7.038650828228480856e-12 -6.888263500659339663e-12 -6.857330067783502122e-12 -6.862043122381762020e-12 -6.884234825050089662e-12 -6.871414770415385816e-12 -6.843225153193853943e-12 -6.788889043517879123e-12 -6.724926698650059230e-12 -6.651949767842544712e-12 -6.578875188491605764e-12 -6.463164843399690088e-12 -6.254304459556259553e-12 -6.012561384645236100e-12 -5.776199700314550163e-12 -5.460599688113639371e-12 -5.110883860239797575e-12 -4.750781074225757223e-12 -4.349508030506196595e-12 2.077798832724111657e-13 2.205457525877893852e-13 2.093968673122653626e-13 1.879478795299104406e-13 1.667389783917873511e-13 1.800377400880997195e-13 1.888216015124857014e-13 1.752186411332039431e-13 1.720784211898177155e-13 1.752360015254538122e-13 1.786709690513298346e-13 1.755555150038368600e-13 1.719526329240205160e-13 1.681547509506823393e-13 1.685839167196916387e-13 1.642452913106419919e-13 1.600831737374477865e-13 1.581416641786908779e-13 1.479473705550047404e-13 1.351098100329707136e-13 -7.227761422192072243e-10 8.925248469085628580e-11
2.224930045781956368e-11 2.238256705666695450e-11 2.267303307803358607e-11 2.233794232576681679e-11 2.237577352214458555e-11 2.248820222390577890e-11 2.241973379155860893e-11 2.234771645933925119e-11 2.219134212396019989e-11 2.198788163871338545e-11 2.165953544829239005e-11 2.130322454804317701e-11 2.082978934165526331e-11 2.017438107457112596e-11 1.939251129247154740e-11 1.846736368067620978e-11 1.725963886484785029e-11 1.572165291001156347e-11 1.403411883985229700e-11 1.184941826540647156e-11 -2.392605912271867993e-13 -2.247391160412688781e-13 -2.187927717177181288e-13 -2.424315957357498210e-13 -2.343812613607825445e-13 -2.263165499513097294e-13 -2.218519717247682550e-13 -2.112089094374955978e-13 -2.256960660807998560e-13 -2.186488703484265800e-13 -2.196504570988698839e-13 -2.188061413563212870e-13 -2.219778421582998233e-13 -2.228984929142243157e-13 -2.265712106178591705e-13 -2.280745949756143717e-13 -2.282812272268502947e-13 -2.278550702729480361e-13 -2.250717081565667154e-13 -2.226056691594269599e-13 -6.825968900093700030e-12 -6.875379430528633486e-12 -6.957847955696672832e-12 -6.842253522762363621e-12 -6.839602874906296048e-12 -6.867601624386999862e-12 -6.853356899044799474e-12 -6.822647004265205871e-12 -6.770401094179353928e-12 -6.708271127479682190e-12 -6.636777555852072732e-12 -6.565989374902338987e-12 -6.450471684690598829e-12 -6.243413297149208692e-12 -6.001330216262721375e-12 -5.763418225386258892e-12 -5.438461624040190954e-12 -5.084203398859124094e-12 -4.727721465886705639e-12 -4.337348479780045549e-12 2.135732044871029757e-13 2.167787331999688238e-13 2.085695867850493567e-13 1.917447165022344754e-13 1.712712174085490817e-13 1.833487626820292513e-13 1.888994891184177838e-13 1.761826154761085832e-13 1.723834533747333876e-13 1.760232707822439608e-13 1.799524165189232551e-13 1.751017004160207077e-13 1.720567343146646959e-13 1.682387483258755837e-13 1.685958737506836605e-13 1.645629740775499644e-13 1.601102916219085701e-13 1.579483795526563801e-13 1.475959072873568935e-13 1.350124358915647834e-13 -7.250092202141478594e-10 8.156890957119386149e-11
2.220202235598305320e-11 2.236565101919061555e-11 2.233794232576681679e-11 2.253016691930104926e-11 2.241390058637989888e-11 2.251044254794476982e-11 2.245999086193507764e-11 2.237821456705379813e-11 2.222748905427320867e-11 2.201842275220593335e-11 2.169034736369784927e-11 2.133561713981453969e-11 2.086722818728352051e-11 2.020791758160059231e-11 1.943409264989245678e-11 1.852306001266811925e-11 1.733298729992889043e-11 1.580373459425811970e-11 1.412742966731963359e-11 1.193551645812000030e-11 -2.407348964447887601e-13 -2.250418579428409307e-13 -2.172769079196592352e-13 -2.455645702159407782e-13 -2.377196222648013963e-13 -2.293137293251056220e-13 -2.256944490171628325e-13 -2.145856087482015557e-13 -2.286348020062641236e-13 -2.215709110513972064e-13 -2.228793084907410582e-13 -2.215196067991977164e-13 -2.250795238608645466e-13 -2.263500646251675755e-13 -2.293395694680363054e-13 -2.308665619344387221e-13 -2.309319537170395016e-13 -2.304760959613182391e-13 -2.278916331406380504e-13 -2.256162872913703017e-13 -6.842686376798596528e-12 -6.901209207211559476e-12 -6.901666123306005796e-12 -6.932759784017851051e-12 -6.890022802533054994e-12 -6.912646708111630100e-12 -6.902919385335719776e-12 -6.869898774235787844e-12 -6.819288415524487772e-12 -6.752457870587701152e-12 -6.679435233412376071e-12 -6.606263533292409889e-12 -6.487185728844124698e-12 -6.277607254674591486e-12 -6.032802859748453504e-12 -5.793903776781120937e-12 -5.473900777755705736e-12 -5.119532328248573966e-12 -4.766410903673596542e-12 -4.378049365353421668e-12 2.167256251629927997e-13 2.238702095279330977e-13 2.095127186961118510e-13 1.921700730234189794e-13 1.690763881768156029e-13 1.845865637992721204e-13 1.904734263218548423e-13 1.777963286597384755e-13 1.731402327220064364e-13 1.772762827807746173e-13 1.808211924793254351e-13 1.761967665413957801e-13 1.725091688966786649e-13 1.693527233182616798e-13 1.699216649395120581e-13 1.656613822324981236e-13 1.617436658583928379e-13 1.592259922425815781e-13 1.492946448692696209e-13 1.364650706850714373e-13 -7.342039398691909841e-10 8.432274950697598898e-11
2.227840126073165950e-11 2.243007275901714305e-11 2.237577352214458555e-11 2.241390058637989888e-11 2.262711082827363409e-11 2.261015425529262485e-11 2.256585178278376940e-11 2.248800840264511226e-11 2.234136016781170812e-11 2.213354448327675020e-11 2.180988573972203254e-11 2.146073875503868768e-11 2.100243968919015955e-11 2.035134683719826195e-11 1.957888955616849478e-11 1.865195993868625373e-11 1.745215345236555165e-11 1.592781213102618502e-11 1.423379525065030843e-11 1.200428253613725838e-11 -2.431455113683151536e-13 -2.290893292683311249e-13 -2.152019951427919345e-13 -2.440709458537280810e-13 -2.404177061297033700e-13 -2.283599215463893282e-13 -2.264165151992340399e-13 -2.159836464550526002e-13 -2.294775454294660793e-13 -2.218102122241299014e-13 -2.232535790665990970e-13 -2.217563334749904972e-13 -2.250431981251454349e-13 -2.262933789904691384e-13 -2.291449729051287129e-13 -2.311341130899958582e-13 -2.313177598147188303e-13 -2.311354599253491177e-13 -2.284414745116682681e-13 -2.260672749201590290e-13 -6.877364611483627598e-12 -6.930506572547791331e-12 -6.922457408970380836e-12 -6.912996137096450486e-12 -6.960464286585073276e-12 -6.950138264228822339e-12 -6.942778552964256250e-12 -6.910601303964292975e-12 -6.861284090262080020e-12 -6.794051501045517694e-12 -6.723836431630419792e-12 -6.652240699499717628e-12 -6.537908084002141233e-12 -6.332348296649724650e-12 -6.088105732028184051e-12 -5.841228588583535248e-12 -5.516504727194053027e-12 -5.163745378234602786e-12 -4.807793909651773088e-12 -4.407212737528511603e-12 2.191312406915862274e-13 2.176076190130778997e-13 2.130309297668406597e-13 1.925462074237451600e-13 1.695629093599276068e-13 1.856004930878577414e-13 1.906368861956876899e-13 1.786195257952864271e-13 1.741293125761110098e-13 1.777052189416769923e-13 1.821676229804010856e-13 1.772447232382333672e-13 1.738539747344774809e-13 1.705434682395052945e-13 1.708895983317116698e-13 1.667346561415102689e-13 1.628995291164595181e-13 1.604633807860378709e-13 1.503546015099738203e-13 1.371028862867800846e-13 -7.390285501313913680e-10 8.444289906953459339e-11
2.237277748777245794e-11 2.251548514689190101e-11 2.248820222390577890e-11 2.251044254794476982e-11 2.261015425529262485e-11 2.281834939116857596e-11 2.271220217388504509e-11 2.264787914291154939e-11 2.249992256752513513e-11 2.228948890324222523e-11 2.196320480338650924e-11 2.160457184701664646e-11 2.114163032931702092e-11 2.048184095868076095e-11 1.969403613229706237e-11 1.875001181954982916e-11 1.752689220330467612e-11 1.598127174163450438e-11 1.427879308393491593e-11 1.205197691053378516e-11 -2.438197900691078656e-13 -2.306769941908885427e-13 -2.174547697334715008e-13 -2.445130946343819431e-13 -2.397616715555876053e-13 -2.295974325251541295e-13 -2.260611826375982274e-13 -2.159427559683323418e-13 -2.295586938958358058e-13 -2.225190313155015228e-13 -2.233984053288196319e-13 -2.216106774815377863e-13 -2.250189341327045665e-13 -2.260896472948201840e-13 -2.291727059300021398e-13 -2.311170325843366697e-13 -2.312703704869037870e-13 -2.309402633220289328e-13 -2.282855263074965570e-13 -2.257925616692358689e-13 -6.906834991955551032e-12 -6.951615524759693188e-12 -6.952926060464044858e-12 -6.939559525850855523e-12 -6.956406480833638184e-12 -7.007072618002498981e-12 -6.981903659007424199e-12 -6.953449054415308234e-12 -6.902917262670199145e-12 -6.834866840008980291e-12 -6.760978865628306084e-12 -6.684677063907378814e-12 -6.569187618966160146e-12 -6.359476950318320482e-12 -6.112684217062921492e-12 -5.864695101070937007e-12 -5.535305163625456573e-12 -5.176347420778233307e-12 -4.816446645636989638e-12 -4.418448602933356551e-12 2.199453304478848106e-13 2.185494251749029169e-13 2.129759384636358733e-13 1.914787232042535235e-13 1.705655845548106574e-13 1.858664339854799288e-13 1.912582105709986688e-13 1.810786703846754582e-13 1.752370173333772827e-13 1.784781424854651340e-13 1.828141895507642839e-13 1.777509384746459140e-13 1.743452492863369955e-13 1.710875005084252728e-13 1.712438116434303327e-13 1.671085053326720769e-13 1.630145659410562904e-13 1.605126926638129562e-13 1.503093447664736231e-13 1.370360037448366189e-13 -7.400327439412130591e-10 8.732457113354029410e-11
2.231189200869342439e-11 2.246050227161210971e-11 2.241973379155860893e-11 2.245999086193507764e-11 2.256585178278376940e-11 2.271220217388504509e-11 2.277473023544301504e-11 2.267884761415134763e-11 2.253407055893726429e-11 2.231719210634064125e-11 2.199054970473203903e-11 2.163833496993956912e-11 2.118177477760026089e-11 2.052869940584762209e-11 1.975404250548679597e-11 1.881372529907899837e-11 1.759226381446695490e-11 1.605294667063658781e-11 1.435248337233866975e-11 1.213388834690570632e-11 -2.469362971511789547e-13 -2.313789756567129798e-13 -2.195633734563134405e-13 -2.482032581187011239e-13 -2.419258626332741697e-13 -2.308516497600913833e-13 -2.267737151417025880e-13 -2.179052650897069301e-13 -2.318485729349549623e-13 -2.236744033597354577e-13 -2.248644919722337493e-13 -2.231243455135164975e-13 -2.267001321138858772e-13 -2.277537381307847925e-13 -2.307577275365919268e-13 -2.326963552186353007e-13 -2.326835105574991955e-13 -2.325888173310105304e-13 -2.299241809478010280e-13 -2.273860183256887861e-13 -6.888983113582057027e-12 -6.934879548682594285e-12 -6.933245820885433371e-12 -6.922964999458835942e-12 -6.942619861297171628e-12 -6.977089680983513474e-12 -6.998089207245465286e-12 -6.962042401231336557e-12 -6.911358377037390295e-12 -6.840851858811559787e-12 -6.765834820076903740e-12 -6.691439627919322124e-12 -6.578848321601869166e-12 -6.374536677587863341e-12 -6.134287354579353248e-12 -5.889804955043696460e-12 -5.560779372347281558e-12 -5.198531859353880668e-12 -4.838324564045767653e-12 -4.445575853469205338e-12 2.238696155561834244e-13 2.205001515195175882e-13 2.140285737058454709e-13 1.937054073809904739e-13 1.711932002735571003e-13 1.871171535724024617e-13 1.915499118109898787e-13 1.815894659896217908e-13 1.760411411371368575e-13 1.793347356841040809e-13 1.834240218921741095e-13 1.786734726988052672e-13 1.752418682907205986e-13 1.721795407067365333e-13 1.724297328484914702e-13 1.681927990254408984e-13 1.638652360922934310e-13 1.612950965892860672e-13 1.511278338772596873e-13 1.379731706733774889e-13 -7.436690083127148277e-10 8.670369969854897822e-11
2.222555721893935476e-11 2.238966519648597551e-11 2.234771645933925119e-11 2.237821456705379813e-11 2.248800840264511226e-11 2.264787914291154939e-11 2.267884761415134763e-11 2.269394915173298353e-11 2.254535609687022336e-11 2.234001416764303931e-11 2.202011917435000124e-11 2.168213195008927829e-11 2.123723649551618680e-11 2.059261649690276594e-11 1.982781309065900990e-11 1.888884811447811919e-11 1.766568235471047941e-11 1.612385309426511115e-11 1.439492699055783249e-11 1.215718518018350092e-11 -2.516808477467077369e-13 -2.330463246399614096e-13 -2.195310546298422474e-13 -2.473891643966649541e-13 -2.422313843575234975e-13 -2.318794329706651153e-13 -2.272765109119345677e-13 -2.188034016802978160e-13 -2.330242720452971646e-13 -2.254573918247313088e-13 -2.266141426101074270e-13 -2.249978931787130377e-13 -2.286925928555125035e-13 -2.296740323919445193e-13 -2.327010193503737778e-13 -2.345508725184104979e-13 -2.344987868423965296e-13 -2.343821751834926820e-13 -2.317095750588934383e-13 -2.292402638751731682e-13 -6.864645728434363625e-12 -6.912870243417401244e-12 -6.911629552165591001e-12 -6.900812359925050677e-12 -6.918431527604419869e-12 -6.958618922535952825e-12 -6.971391867607524949e-12 -6.965866920927847930e-12 -6.913099630965826388e-12 -6.846717010421195382e-12 -6.773856383750218134e-12 -6.702843532794498030e-12 -6.592661921606002218e-12 -6.392753063581569296e-12 -6.154973191335710613e-12 -5.911388548195757413e-12 -5.585510719345306203e-12 -5.226968883110934086e-12 -4.865581790234063131e-12 -4.467035035137398374e-12 2.239752396800928908e-13 2.191309273740110844e-13 2.149006935338385761e-13 1.947811749614441905e-13 1.710370366631567149e-13 1.880695590504835237e-13 1.912235867516544790e-13 1.823952146174577390e-13 1.766635223709403064e-13 1.801490451759128353e-13 1.842895784813498765e-13 1.797462935768052451e-13 1.761130732246108279e-13 1.734357801181276353e-13 1.735085346253645310e-13 1.693392625389365504e-13 1.652528339171279125e-13 1.623902504318911933e-13 1.520554425392760035e-13 1.387584970508738727e-13 -7.482653530048587982e-10 8.662944936916710222e-11
2.206148894671924754e-11 2.223951206162038833e-11 2.219134212396019989e-11 2.222748905427320867e-11 2.234136016781170812e-11 2.249992256752513513e-11 2.253407055893726429e-11 2.254535609687022336e-11 2.249872294984751863e-11 2.231038267276704252e-11 2.200664785332372046e-11 2.168635449461502892e-11 2.126273317262599935e-11 2.062875520370144209e-11 1.987430189404694282e-11 1.893389283505291039e-11 1.770381856397986283e-11 1.616382526850206765e-11 1.440517517179315593e-11 1.216581960328541491e-11 -2.498022278724449364e-13 -2.333863409582876852e-13 -2.200153165855923422e-13 -2.471456066513510222e-13 -2.428750394368409648e-13 -2.319722554917037415e-13 -2.277088145586193116e-13 -2.189096537660541452e-13 -2.333542536977098282e-13 -2.257912258896556604e-13 -2.270096853243906952e-13 -2.254540678453052229e-13 -2.289547617615462934e-13 -2.299241003834374805e-13 -2.329054356263162135e-13 -2.349626274178391776e-13 -2.347127693072581586e-13 -2.346188739184781318e-13 -2.320917195918462625e-13 -2.295972566874790163e-13 -6.812818832238225949e-12 -6.866468344297794682e-12 -6.866626044169339911e-12 -6.855234803826818633e-12 -6.873302721988897541e-12 -6.914061746336648829e-12 -6.929062253320756604e-12 -6.922336057367162864e-12 -6.898664042697684616e-12 -6.836053439002339426e-12 -6.767609682306908314e-12 -6.703192261647982895e-12 -6.600621151508443069e-12 -6.403870002108899249e-12 -6.170369863246143986e-12 -5.928597993850925986e-12 -5.603525587884143335e-12 -5.246198716003146715e-12 -4.878550618741436380e-12 -4.476093494139534983e-12 2.256151980572594328e-13 2.190934574040841470e-13 2.121386441442719155e-13 1.945382075900314024e-13 1.717660808549521344e-13 1.865769719229925733e-13 1.905385254854068861e-13 1.817813888380596344e-13 1.768583920404090930e-13 1.805250535549164060e-13 1.845623207062824756e-13 1.801967120645221990e-13 1.765967433390830998e-13 1.739912317013509727e-13 1.740554571184110978e-13 1.698522765539166933e-13 1.656142502278097693e-13 1.627405398364179404e-13 1.524338310519084470e-13 1.392852659541094613e-13 -7.503991487155832599e-10 8.689815813052066227e-11
2.184965389425299602e-11 2.204710728477667606e-11 2.198788163871338545e-11 2.201842275220593335e-11 2.213354448327675020e-11 2.228948890324222523e-11 2.231719210634064125e-11 2.234001416764303931e-11 2.231038267276704252e-11 2.222213109351160595e-11 2.194767762643187416e-11 2.165219848835239882e-11 2.125033094766072972e-11 2.062735851088876750e-11 1.988264354589732897e-11 1.894512279705344893e-11 1.771762540229198225e-11 1.619682897262731196e-11 1.442431405705352688e-11 1.217480119268718143e-11 -2.512818865909197672e-13 -2.348851411411022318e-13 -2.231050657454732214e-13 -2.464259291897130816e-13 -2.436984735043075460e-13 -2.324760407160254319e-13 -2.284039200810484198e-13 -2.196367277958508702e-13 -2.340918702765869969e-13 -2.268276606936372363e-13 -2.280740889496566855e-13 -2.267615366659618654e-13 -2.303719184935498811e-13 -2.310960560990870871e-13 -2.340380908272839177e-13 -2.360673193495858756e-13 -2.357752392247598370e-13 -2.359437775847030947e-13 -2.335166631109249755e-13 -2.310659243365505246e-13 -6.775010110162307104e-12 -6.833341119424379675e-12 -6.826783033068567533e-12 -6.817999283176409557e-12 -6.836630033467549588e-12 -6.877674940650980297e-12 -6.890925975249897100e-12 -6.885714591189182691e-12 -6.865765165919588654e-12 -6.829855921548654942e-12 -6.768743319082840628e-12 -6.709871709457033700e-12 -6.613514384899884837e-12 -6.419843422083726883e-12 -6.188207970091348268e-12 -5.947713629084585937e-12 -5.624270962587391526e-12 -5.271124497130113458e-12 -4.901637491507352680e-12 -4.486254214256399489e-12 2.252894004360069809e-13 2.179873645701532790e-13 2.092770621029624073e-13 1.936001017665178691e-13 1.716103800797675650e-13 1.860453216019118546e-13 1.899647783363533172e-13 1.809029908275195284e-13 1.763386556820765329e-13 1.807087801215265462e-13 1.842407009621595912e-13 1.803897333285776247e-13 1.766355189540061759e-13 1.744073340296220666e-13 1.744002953827807291e-13 1.701607982593019866e-13 1.661618308164463306e-13 1.633033930386591418e-13 1.531729177023845756e-13 1.400561799863798099e-13 -7.519260791080845628e-10 8.960911059678271815e-11
2.150940530027327762e-11 2.171750217978493646e-11 2.165953544829239005e-11 2.169034736369784927e-11 2.180988573972203254e-11 2.196320480338650924e-11 2.199054970473203903e-11 2.202011917435000124e-11 2.200664785332372046e-11 2.194767762643187416e-11 2.178278707348529523e-11 2.154169526603028718e-11 2.118501915381081346e-11 2.059813092773955567e-11 1.988446972529144327e-11 1.895637933198127963e-11 1.772821787957226603e-11 1.623046121057530357e-11 1.444237272217718269e-11 1.219029043661792053e-11 -2.521124634988234986e-13 -2.332284124103318336e-13 -2.229613312105398671e-13 -2.450567627387805139e-13 -2.445076594068668474e-13 -2.341193852166492698e-13 -2.292645255268355038e-13 -2.210310936028457540e-13 -2.350164252715604552e-13 -2.279476034689647438e-13 -2.293993946948975068e-13 -2.283576933398089697e-13 -2.316034104561829105e-13 -2.321302660195307132e-13 -2.351481642104981445e-13 -2.371067167928118205e-13 -2.366878538850647274e-13 -2.368489738846673148e-13 -2.345453243771700286e-13 -2.324060979824268543e-13 -6.707920002234924842e-12 -6.763370600015749583e-12 -6.755652535950055835e-12 -6.748805038752277696e-12 -6.769003953870136347e-12 -6.809894544185384752e-12 -6.822613742825288499e-12 -6.817807573322016286e-12 -6.800796930026336843e-12 -6.770460584711334389e-12 -6.737663471598909765e-12 -6.692544079648835020e-12 -6.608932950407505075e-12 -6.426615847185364850e-12 -6.202577537587914399e-12 -5.965656331648742606e-12 -5.644566009538471839e-12 -5.296254216222564973e-12 -4.925977562668985755e-12 -4.507804015745849586e-12 2.227885455990919009e-13 2.171594059647871162e-13 2.085540901123978238e-13 1.928257899368333809e-13 1.712147675056631126e-13 1.842579623518509371e-13 1.885883669877882359e-13 1.798687809491047957e-13 1.756958428727648351e-13 1.801250414958012134e-13 1.839851164344771998e-13 1.804800291448195828e-13 1.769705146672868355e-13 1.748850731160548912e-13 1.748601067323823445e-13 1.706180712952697626e-13 1.665842883100893255e-13 1.637575849736089301e-13 1.538889834619831249e-13 1.408400809263297447e-13 -7.529036753884846390e-10 9.149420570976555870e-11
2.115670285167254238e-11 2.137276413712996215e-11 2.130322454804317701e-11 2.133561713981453969e-11 2.146073875503868768e-11 2.160457184701664646e-11 2.163833496993956912e-11 2.168213195008927829e-11 2.168635449461502892e-11 2.165219848835239882e-11 2.154169526603028718e-11 2.143097087919414459e-11 2.115733356918062033e-11 2.063652957263412458e-11 1.996728216632205037e-11 1.905062373269086239e-11 1.782738442669623365e-11 1.636848513063975404e-11 1.455904932788000607e-11 1.229595067519671542e-11 -2.559599685800090668e-13 -2.364312843818873667e-13 -2.256334727904193912e-13 -2.451245939029444996e-13 -2.451307045118380081e-13 -2.373121315858078072e-13 -2.306444571665826227e-13 -2.234735520594564314e-13 -2.372872825438201737e-13 -2.305799285991682321e-13 -2.323435349526195736e-13 -2.315563395101113723e-13 -2.347323401889923505e-13 -2.350443087737832697e-13 -2.381708923584647566e-13 -2.402391499346541031e-13 -2.397831339436193592e-13 -2.398482780990587683e-13 -2.376883346634888491e-13 -2.358173159882696282e-13 -6.638124893364304612e-12 -6.691527348003649219e-12 -6.679884596681482485e-12 -6.676694258048512927e-12 -6.697539575117924847e-12 -6.736868953664673807e-12 -6.752214664498835329e-12 -6.750890327879769839e-12 -6.740000725320990882e-12 -6.714208511564534128e-12 -6.695617310769524186e-12 -6.687589206683772956e-12 -6.625643511561296252e-12 -6.463929456774591031e-12 -6.253744521308238152e-12 -6.022502232003022448e-12 -5.705536947205056268e-12 -5.366792149171234118e-12 -4.995543332034804208e-12 -4.571884070781380121e-12 2.191737704011504918e-13 2.143856380993809731e-13 2.108033334240912136e-13 1.920072905735416644e-13 1.717609774333125981e-13 1.833587386132115717e-13 1.886000116723222978e-13 1.796847182416407615e-13 1.754993929874012086e-13 1.803378252831003670e-13 1.841093370814766815e-13 1.811603191119738773e-13 1.778358670600733061e-13 1.763619327511874058e-13 1.763649159535258349e-13 1.720811251028608765e-13 1.681832493918255816e-13 1.653829504351152125e-13 1.557431397528836198e-13 1.427506710236619994e-13 -7.604458927323893093e-10 9.529926241844537536e-11
2.069787882456603349e-11 2.091465320249424659e-11 2.082978934165526331e-11 2.086722818728352051e-11 2.100243968919015955e-11 2.114163032931702092e-11 2.118177477760026089e-11 2.123723649551618680e-11 2.126273317262599935e-11 2.125033094766072972e-11 2.118501915381081346e-11 2.115733356918062033e-11 2.107175590846893070e-11 2.067881963552063507e-11 2.008324226816888245e-11 1.919091416033304311e-11 1.798910541781601116e-11 1.657858139884276243e-11 1.473673331090230211e-11 1.245915907367979699e-11 -2.613299115885967685e-13 -2.414588445434495786e-13 -2.296948945910006998e-13 -2.481934221870674489e-13 -2.474911871701263065e-13 -2.414819645484627734e-13 -2.339327018333945201e-13 -2.269985402533524640e-13 -2.405457355487584660e-13 -2.343027909132936144e-13 -2.356850978204858430e-13 -2.352022282588062801e-13 -2.383605209365669317e-13 -2.387522713616403889e-13 -2.419050821859334204e-13 -2.438293281258593893e-13 -2.433557044457045950e-13 -2.433086903688538618e-13 -2.410669547497735742e-13 -2.395273754909827254e-13 -6.536720113378763587e-12 -6.588972528801606366e-12 -6.571625109250984344e-12 -6.567855603933357844e-12 -6.594462868595089825e-12 -6.635060565379805598e-12 -6.650812377837927201e-12 -6.653680958317942166e-12 -6.648795846115794639e-12 -6.628973402745368145e-12 -6.623276554427836481e-12 -6.636852194571844926e-12 -6.624213478881032570e-12 -6.497769549247730358e-12 -6.310791798889807539e-12 -6.090138896721645246e-12 -5.780760572545488173e-12 -5.450415241646249072e-12 -5.076521643809611733e-12 -4.652183691908304566e-12 2.200340497764399374e-13 2.080544757371291896e-13 2.116689839505435476e-13 1.906851806923411130e-13 1.717395005349049435e-13 1.825535821297390316e-13 1.877664849044439907e-13 1.801449871041980696e-13 1.751279704209841987e-13 1.801405315303182835e-13 1.839787142782397043e-13 1.815574285549904498e-13 1.787256913967998236e-13 1.778721775468832716e-13 1.780473073291271535e-13 1.738221606449683346e-13 1.699757452353667623e-13 1.674285293448518503e-13 1.579725358455488403e-13 1.450385329877610806e-13 -7.692474490404913961e-10 1.006651308768625596e-10
2.005302240130074261e-11 2.025449686107231735e-11 2.017438107457112596e-11 2.020791758160059231e-11 2.035134683719826195e-11 2.048184095868076095e-11 2.052869940584762209e-11 2.059261649690276594e-11 2.062875520370144209e-11 2.062735851088876750e-11 2.059813092773955567e-11 2.063652957263412458e-11 2.067881963552063507e-11 2.050420365118486060e-11 2.004621508418430404e-11 1.922633102172919731e-11 1.808438202834953469e-11 1.673351133138923374e-11 1.487942574892221689e-11 1.259611138500720734e-11 -2.670474972608241968e-13 -2.456047026710774418e-13 -2.343487569239079376e-13 -2.500038739999330963e-13 -2.511066485562061848e-13 -2.464027060916908759e-13 -2.362694482388425054e-13 -2.295908350362437703e-13 -2.433862513367378973e-13 -2.371486831775337857e-13 -2.381299649552897530e-13 -2.378643402535678238e-13 -2.405262594303059879e-13 -2.411071475222889620e-13 -2.444249124281942615e-13 -2.459953061788801666e-13 -2.457758113769559512e-13 -2.455680384062261017e-13 -2.433333813022772868e-13 -2.419511174765891558e-13 -6.366844751437588888e-12 -6.410696402711445621e-12 -6.395110433902099217e-12 -6.387970447286431324e-12 -6.419408078530548730e-12 -6.459909729978337978e-12 -6.475539020991469761e-12 -6.481140376186495877e-12 -6.480355447963385067e-12 -6.465423200846204918e-12 -6.470406733730465073e-12 -6.502912312146666174e-12 -6.524587342466849051e-12 -6.460133764960972597e-12 -6.318294369183449132e-12 -6.124304413253950277e-12 -5.833480124741958393e-12 -5.515313919476248718e-12 -5.144684980227321322e-12 -4.724707118016699663e-12 2.169271350093967421e-13 1.996781110584201674e-13 2.105476001054647450e-13 1.897598782271368345e-13 1.709984646526975578e-13 1.815775858801539164e-13 1.864985259775128076e-13 1.793585496058215549e-13 1.743627317767906473e-13 1.787061212464458400e-13 1.824067103073509133e-13 1.807197377489174086e-13 1.782207201580789846e-13 1.782378628982697024e-13 1.787026472157328792e-13 1.747239799263329648e-13 1.709700186675712684e-13 1.687745279908716191e-13 1.595912366516896151e-13 1.466545550534716732e-13 -7.744404609714678437e-10 1.054444539685240448e-10
1.926352524555530098e-11 1.947934914488620881e-11 1.939251129247154740e-11 1.943409264989245678e-11 1.957888955616849478e-11 1.969403613229706237e-11 1.975404250548679597e-11 1.982781309065900990e-11 1.987430189404694282e-11 1.988264354589732897e-11 1.988446972529144327e-11 1.996728216632205037e-11 2.008324226816888245e-11 2.004621508418430404e-11 1.985218333304580551e-11 1.922854617614468822e-11 1.821178941723306078e-11 1.692511165942678019e-11 1.507341348230084762e-11 1.278534893265656593e-11 -2.719187776670204961e-13 -2.489373662547179403e-13 -2.364650989374961460e-13 -2.489759894199851276e-13 -2.532887188925825738e-13 -2.493133739662647088e-13 -2.380951433453143949e-13 -2.324551102752105078e-13 -2.459892165026774510e-13 -2.396123878509553974e-13 -2.410463430008047150e-13 -2.403801968828549788e-13 -2.428707800423010593e-13 -2.436134963224217506e-13 -2.471433927927470893e-13 -2.483973379761157090e-13 -2.478570060680506631e-13 -2.477845984109892847e-13 -2.458362198202982326e-13 -2.447254759878222494e-13 -6.144248950197011558e-12 -6.190249782851271697e-12 -6.173285638985796668e-12 -6.166434626113226629e-12 -6.197816940330829139e-12 -6.235258385278781865e-12 -6.253666505895451479e-12 -6.262469801692927267e-12 -6.265981319656756436e-12 -6.255145931457568548e-12 -6.268725357326908007e-12 -6.314761931612130775e-12 -6.358558254996763133e-12 -6.337335114310429508e-12 -6.274866403420083500e-12 -6.137256522140786858e-12 -5.882800139702316292e-12 -5.585033954643717986e-12 -5.222006516607582918e-12 -4.808503588184809429e-12 2.169091133479917470e-13 1.914655898221700420e-13 2.087547473293282021e-13 1.879276797744748672e-13 1.689540187833875718e-13 1.802496097243086348e-13 1.871511263083756001e-13 1.789306943430059756e-13 1.735444663874664409e-13 1.775429908274567751e-13 1.809206987963235431e-13 1.796498012932539056e-13 1.774907841268426935e-13 1.783287570966943529e-13 1.794284266610407423e-13 1.758394491375236771e-13 1.723001971743169459e-13 1.704375358741972774e-13 1.615495547855504110e-13 1.488327445775914024e-13 -7.805623643394540225e-10 1.093967983805495119e-10
1.834386759261566628e-11 1.856303122100744739e-11 1.846736368067620978e-11 1.852306001266811925e-11 1.865195993868625373e-11 1.875001181954982916e-11 1.881372529907899837e-11 1.888884811447811919e-11 1.893389283505291039e-11 1.894512279705344893e-11 1.895637933198127963e-11 1.905062373269086239e-11 1.919091416033304311e-11 1.922633102172919731e-11 1.922854617614468822e-11 1.896539874582460394e-11 1.820982768546138475e-11 1.704203126239976509e-11 1.524419136514140042e-11 1.294687600456704589e-11 -2.761807345406498954e-13 -2.508816064035214760e-13 -2.358527004846592707e-13 -2.480840937664991124e-13 -2.555799571836991323e-13 -2.502517493779098129e-13 -2.379191158610066390e-13 -2.334013962183324356e-13 -2.460018773952769405e-13 -2.399531469750460930e-13 -2.420945666380146753e-13 -2.417302917044810867e-13 -2.437567186785962867e-13 -2.443772089363255521e-13 -2.476417523245733541e-13 -2.490551860736308853e-13 -2.479742784361169954e-13 -2.479547090305837943e-13 -2.466851008608163094e-13 -2.459018381813397877e-13 -5.836605430381415216e-12 -5.885516121077027214e-12 -5.870095293898064631e-12 -5.860537726629842152e-12 -5.891278640870299278e-12 -5.921160570301378360e-12 -5.942336529939532368e-12 -5.953725748892712007e-12 -5.958997003165925387e-12 -5.952688483139053817e-12 -5.971155864997104192e-12 -6.026532077007256100e-12 -6.084346248356853247e-12 -6.090929403484492105e-12 -6.088534225733036032e-12 -6.049453943538664533e-12 -5.871631628728528548e-12 -5.616747849419591279e-12 -5.275252235628899524e-12 -4.867661550789337066e-12 2.113221533327148091e-13 1.795128283167913987e-13 2.049715429774705013e-13 1.836109442031665382e-13 1.667396629813740431e-13 1.764248985645671851e-13 1.851947248649459960e-13 1.755279418300824556e-13 1.716000894858188891e-13 1.744326733611510864e-13 1.781046149902383214e-13 1.770470374149029556e-13 1.748323661072742171e-13 1.763994313971592735e-13 1.779225757165924215e-13 1.752950806207629237e-13 1.723691816384716963e-13 1.708072473104133112e-13 1.623107652623951041e-13 1.502077247488467286e-13 -7.809709070427013694e-10 1.119204192582149902e-10
1.717208260240500578e-11 1.737587051935972910e-11 1.725963886484785029e-11 1.733298729992889043e-11 1.745215345236555165e-11 1.752689220330467612e-11 1.759226381446695490e-11 1.766568235471047941e-11 1.770381856397986283e-11 1.771762540229198225e-11 1.772821787957226603e-11 1.782738442669623365e-11 1.798910541781601116e-11 1.808438202834953469e-11 1.821178941723306078e-11 1.820982768546138475e-11 1.791980166759562260e-11 1.709233654483475374e-11 1.545292925705446288e-11 1.317347711501588122e-11 -2.716552191940851114e-13 -2.486875584494855944e-13 -2.303492476164669926e-13 -2.456627491997057942e-13 -2.526611969058354899e-13 -2.479066899779247977e-13 -2.336793871527887364e-13 -2.315536435554824417e-13 -2.432325109651765223e-13 -2.374705968129184271e-13 -2.395043772355789358e-13 -2.396166563955889690e-13 -2.411323139833371154e-13 -2.412346184091403100e-13 -2.445275699753301257e-13 -2.460340317755496035e-13 -2.450385729062592746e-13 -2.455087246799991439e-13 -2.453765079476584687e-13 -2.448570047865999293e-13 -5.488590472085394390e-12 -5.531659850284595562e-12 -5.509682813783334787e-12 -5.503926840486925106e-12 -5.536031759429403781e-12 -5.557891091937999359e-12 -5.577065886344201526e-12 -5.589251771100986090e-12 -5.593033775141569263e-12 -5.591138804765426341e-12 -5.610188709943587828e-12 -5.671696630348384472e-12 -5.740148585133092879e-12 -5.767966091260618198e-12 -5.801465221333180629e-12 -5.831354861018297144e-12 -5.789710387927659441e-12 -5.641656735737773847e-12 -5.351662331612941822e-12 -4.946830450507892625e-12 2.004093856766435151e-13 1.679426700774767187e-13 2.023885340967124111e-13 1.763554518456071766e-13 1.628583216958536924e-13 1.703058311164217160e-13 1.807256264654140458e-13 1.688870586788154273e-13 1.682274224049918519e-13 1.693169100686949093e-13 1.738440296258763299e-13 1.727748679198270054e-13 1.703907480159069302e-13 1.720105231620768666e-13 1.739029152695571869e-13 1.724736286676046783e-13 1.711084795928864169e-13 1.707946887450660351e-13 1.630870336185621810e-13 1.517012455995216880e-13 -7.707758089706624924e-10 1.219497364321633600e-10
1.568334319493166600e-11 1.585041960447577291e-11 1.572165291001156347e-11 1.580373459425811970e-11 1.592781213102618502e-11 1.598127174163450438e-11 1.605294667063658781e-11 1.612385309426511115e-11 1.616382526850206765e-11 1.619682897262731196e-11 1.623046121057530357e-11 1.636848513063975404e-11 1.657858139884276243e-11 1.673351133138923374e-11 1.692511165942678019e-11 1.704203126239976509e-11 1.709233654483475374e-11 1.695597555595138404e-11 1.574877593060584253e-11 1.358646549027925636e-11 -2.735425215324136430e-13 -2.521414639705810297e-13 -2.319463443516268226e-13 -2.494309503192888604e-13 -2.535089151312636242e-13 -2.502469411634387097e-13 -2.352246478818881633e-13 -2.345801554099160822e-13 -2.457845938184945483e-13 -2.397891629913492242e-13 -2.412777880368902936e-13 -2.419526562563728476e-13 -2.432436143603513077e-13 -2.428642880718143350e-13 -2.464673609685674883e-13 -2.481630390808486898e-13 -2.471707076680938749e-13 -2.483486557880765054e-13 -2.491827329889587351e-13 -2.485178841268475083e-13 -5.125533239151090189e-12 -5.161074103756057811e-12 -5.125573150444449374e-12 -5.129137561164576173e-12 -5.164832321647336049e-12 -5.182181067475345421e-12 -5.197610764602410934e-12 -5.206243686589862165e-12 -5.205707728991377019e-12 -5.208505689941152485e-12 -5.227991372832251033e-12 -5.293767703070963615e-12 -5.375092926364303904e-12 -5.423916787979114824e-12 -5.475551109551180547e-12 -5.537084866489499011e-12 -5.601003978412876865e-12 -5.652147428559437371e-12 -5.492577848515599731e-12 -5.106522366321228781e-12 1.868183033464803460e-13 1.587955146996930437e-13 1.981574047402205735e-13 1.696123800177246790e-13 1.589703149098119215e-13 1.641464847501634173e-13 1.738503573124135476e-13 1.630197984169820493e-13 1.641305195511666557e-13 1.638292479744934928e-13 1.681282418365837779e-13 1.677303922725854592e-13 1.657449412909130665e-13 1.677041705037118221e-13 1.701397966470690583e-13 1.694313202161934331e-13 1.693981737050652066e-13 1.716946224371947026e-13 1.662346758719994858e-13 1.559942321488001392e-13 -7.735929447638663029e-10 1.362100328117253177e-10
1.402748068675121163e-11 1.413298321961884081e-11 1.403411883985229700e-11 1.412742966731963359e-11 1.423379525065030843e-11 1.427879308393491593e-11 1.435248337233866975e-11 1.439492699055783249e-11 1.440517517179315593e-11 1.442431405705352688e-11 1.444237272217718269e-11 1.455904932788000607e-11 1.473673331090230211e-11 1.487942574892221689e-11 1.507341348230084762e-11 1.524419136514140042e-11 1.545292925705446288e-11 1.574877593060584253e-11 1.549703840207805002e-11 1.394005809882362839e-11 -2.709439018170211977e-13 -2.545518944633992975e-13 -2.342373809613755831e-13 -2.509853460874710592e-13 -2.538555410475975492e-13 -2.467879869044205189e-13 -2.351240305559753383e-13 -2.355120941686425200e-13 -2.450737508556647554e-13 -2.394963570954429129e-13 -2.397892087804804734e-13 -2.414106485344201818e-13 -2.421999210583956502e-13 -2.421091322370268224e-13 -2.456563048519723468e-13 -2.475740954354837590e-13 -2.472297536383325731e-13 -2.484257031409849989e-13 -2.494419177851001691e-13 -2.487427351175652679e-13 -4.647309264712205180e-12 -4.677535737628736286e-12 -4.643401325056056171e-12 -4.655540564038601674e-12 -4.689356312277386649e-12 -4.704082057381198226e-12 -4.716804262751445834e-12 -4.713846164360935001e-12 -4.703724381900482211e-12 -4.704158180110176601e-12 -4.714621577842449927e-12 -4.769067427933891414e-12 -4.845175115890022193e-12 -4.899966670535376524e-12 -4.956657396792779355e-12 -5.032784009332334646e-12 -5.147382766873830382e-12 -5.319772978382796879e-12 -5.431293534611565268e-12 -5.219191921352553954e-12 1.728843849466537958e-13 1.552675602647514525e-13 1.887363020448664283e-13 1.581591260091197096e-13 1.499828478836597280e-13 1.568451925872532412e-13 1.662710342042313532e-13 1.573941215064849840e-13 1.564981059820373871e-13 1.562756376680627365e-13 1.604924149551694072e-13 1.596130306247246848e-13 1.578441109767741277e-13 1.605201926363126720e-13 1.635354881153129683e-13 1.630459596931342613e-13 1.638227455476273989e-13 1.676552332350641497e-13 1.659819820839732207e-13 1.584339425166042537e-13 -7.693817931855940273e-10 1.432567906916077780e-10
